0:563 653 654 661 834 -1 -1 
1:614 863 970 971 990 1018 -1 
2:188 418 485 691 736 921 926 
3:747 926 939 941 -1 -1 -1 
4:26 71 122 275 527 599 683 
5:143 519 578 722 868 941 960 
6:620 896 922 965 -1 -1 -1 
7:184 366 372 909 982 1013 1022 
8:354 886 1005 1007 -1 -1 -1 
9:36 252 409 999 -1 -1 -1 
10:308 360 837 880 893 915 971 
11:328 791 874 941 997 1012 -1 
12:19 304 454 772 851 905 954 
13:754 909 925 938 -1 -1 -1 
14:972 -1 -1 -1 -1 -1 -1 
15:23 92 354 521 678 768 861 
16:54 232 249 362 573 715 902 
17:186 329 385 516 566 756 879 
18:455 590 713 889 -1 -1 -1 
19:150 270 510 645 678 834 895 
20:950 1013 -1 -1 -1 -1 -1 
21:139 337 414 603 718 847 853 
22:658 878 915 962 989 997 -1 
23:23 713 817 888 929 1012 -1 
24:588 -1 -1 -1 -1 -1 -1 
25:877 901 926 939 976 1000 -1 
26:545 755 805 -1 -1 -1 -1 
27:43 203 313 434 681 716 917 
28:112 247 519 719 937 961 -1 
29:89 129 691 726 771 877 1011 
30:249 536 768 788 835 853 -1 
31:178 623 890 992 1012 -1 -1 
32:459 798 928 973 -1 -1 -1 
33:200 306 581 675 709 781 950 
34:293 695 798 815 895 -1 -1 
35:212 242 959 996 -1 -1 -1 
36:93 340 357 672 752 856 910 
37:661 922 1010 -1 -1 -1 -1 
38:138 281 787 911 948 977 1021 
39:307 439 742 889 987 988 1010 
40:159 318 338 463 514 622 857 
41:724 880 1020 -1 -1 -1 -1 
42:133 211 284 632 826 828 858 
43:135 855 -1 -1 -1 -1 -1 
44:46 199 316 451 600 607 616 
45:257 648 700 721 887 900 1001 
46:429 911 959 966 1009 -1 -1 
47:475 491 550 604 675 787 965 
48:84 464 535 997 1019 -1 -1 
49:265 388 422 541 746 862 925 
50:299 620 789 857 927 994 1018 
51:22 507 991 -1 -1 -1 -1 
52:195 229 441 879 -1 -1 -1 
53:551 618 656 969 -1 -1 -1 
54:109 457 486 624 915 923 958 
55:753 803 893 921 938 1017 -1 
56:25 75 280 375 944 1013 1021 
57:428 762 818 935 947 977 982 
58:189 445 510 957 1003 -1 -1 
59:295 563 866 875 918 926 968 
60:405 421 434 807 952 988 993 
61:345 442 893 902 924 969 970 
62:524 728 787 794 870 878 914 
63:227 565 686 859 919 -1 -1 
64:139 482 662 891 896 -1 -1 
65:397 482 625 881 -1 -1 -1 
66:302 500 756 762 816 898 901 
67:65 121 316 340 369 417 490 
68:0 18 305 526 784 904 927 
69:20 574 582 598 605 694 869 
70:154 269 328 649 708 885 978 
71:361 386 565 712 743 810 876 
72:539 570 621 674 866 875 1001 
73:64 87 296 503 597 650 701 
74:204 799 823 883 890 967 981 
75:202 939 -1 -1 -1 -1 -1 
76:127 335 337 432 569 979 1002 
77:251 278 347 622 752 -1 -1 
78:743 853 870 931 944 -1 -1 
79:50 134 136 231 469 504 535 
80:288 692 820 883 983 1022 -1 
81:487 703 898 932 956 991 1023 
82:31 108 219 288 352 496 741 
83:137 652 718 785 867 875 896 
84:230 382 385 491 523 724 748 
85:161 460 881 906 947 960 1012 
86:365 843 931 971 997 1020 -1 
87:826 966 988 1022 -1 -1 -1 
88:133 304 565 587 647 744 871 
89:851 912 943 993 -1 -1 -1 
90:53 785 796 804 827 913 990 
91:500 624 653 882 910 912 922 
92:39 120 165 258 546 552 746 
93:56 436 808 922 934 974 1000 
94:41 52 97 416 639 802 859 
95:36 538 589 -1 -1 -1 -1 
96:716 945 991 998 1003 -1 -1 
97:67 714 847 865 964 1000 1014 
98:530 673 783 955 984 1010 -1 
99:32 98 480 -1 -1 -1 -1 
100:30 721 749 966 996 1023 -1 
101:57 694 853 863 882 976 -1 
102:310 564 927 958 1014 -1 -1 
103:113 163 198 605 753 862 -1 
104:45 445 484 550 772 808 856 
105:246 371 703 941 997 1015 1019 
106:367 548 814 890 895 899 953 
107:660 811 846 881 987 1015 -1 
108:115 466 555 657 744 797 1003 
109:15 42 625 672 859 936 -1 
110:890 990 998 1000 1016 -1 -1 
111:431 623 760 955 992 -1 -1 
112:12 131 257 350 376 379 543 
113:10 221 287 627 767 938 979 
114:167 636 885 975 978 984 1012 
115:216 218 227 542 554 688 997 
116:95 470 522 524 648 854 925 
117:421 569 580 620 676 727 733 
118:252 665 695 747 868 1002 1021 
119:104 389 975 1018 -1 -1 -1 
120:291 344 359 831 878 940 960 
121:160 217 419 819 911 946 959 
122:3 237 913 975 -1 -1 -1 
123:5 394 564 677 725 735 855 
124:395 740 874 977 978 1004 1013 
125:170 425 693 -1 -1 -1 -1 
126:116 319 682 919 983 -1 -1 
127:213 360 873 928 -1 -1 -1 
128:34 171 209 351 662 904 913 
129:324 424 520 538 712 985 987 
130:144 808 870 -1 -1 -1 -1 
131:697 700 795 855 1023 -1 -1 
132:643 675 704 933 953 965 1008 
133:22 307 762 781 871 872 876 
134:320 774 870 906 979 -1 -1 
135:187 390 712 819 888 942 1020 
136:211 258 261 493 815 937 954 
137:148 696 710 850 979 995 -1 
138:583 829 919 938 1011 1018 -1 
139:80 163 591 647 755 860 988 
140:267 363 494 529 572 653 745 
141:632 639 683 866 888 950 -1 
142:48 546 684 905 936 957 974 
143:396 456 561 802 1022 -1 -1 
144:172 273 861 871 899 984 -1 
145:235 243 275 592 848 914 993 
146:255 352 383 621 838 923 932 
147:205 670 691 984 1003 -1 -1 
148:119 222 582 853 919 980 -1 
149:220 277 570 580 968 1009 1020 
150:299 583 782 -1 -1 -1 -1 
151:118 251 282 311 627 907 -1 
152:132 317 397 427 440 777 780 
153:13 101 176 665 666 788 859 
154:126 633 924 943 999 -1 -1 
155:969 978 -1 -1 -1 -1 -1 
156:107 348 353 466 897 968 985 
157:72 559 571 593 669 754 899 
158:55 186 293 577 873 917 989 
159:38 59 543 794 850 920 -1 
160:98 151 390 447 612 849 874 
161:668 749 822 930 956 -1 -1 
162:119 329 776 822 851 948 953 
163:343 365 632 663 813 842 1000 
164:896 917 935 1012 -1 -1 -1 
165:31 255 481 619 681 832 839 
166:39 91 277 384 430 602 661 
167:7 14 376 417 914 1009 -1 
168:70 76 151 155 195 207 265 
169:281 357 547 939 984 991 1010 
170:179 615 1016 -1 -1 -1 -1 
171:118 189 812 859 887 892 902 
172:171 216 442 736 784 979 1022 
173:303 608 704 764 769 965 977 
174:266 471 867 879 898 963 976 
175:318 610 668 706 739 783 858 
176:743 845 855 955 1015 -1 -1 
177:601 612 695 760 945 -1 -1 
178:35 111 193 529 893 994 999 
179:751 937 1010 -1 -1 -1 -1 
180:262 387 454 891 906 952 -1 
181:248 345 497 689 879 1006 -1 
182:633 872 910 913 920 953 961 
183:84 115 433 629 744 778 862 
184:198 759 860 880 945 964 1007 
185:241 426 606 611 820 918 940 
186:200 301 380 502 575 849 908 
187:145 173 671 763 901 913 984 
188:315 563 1003 -1 -1 -1 -1 
189:447 748 753 782 943 944 1023 
190:85 559 697 887 894 895 951 
191:326 381 474 775 829 1006 -1 
192:81 261 545 759 900 964 986 
193:268 536 584 699 750 954 1002 
194:8 358 778 852 908 998 -1 
195:4 413 537 544 582 830 924 
196:333 346 498 531 597 684 834 
197:183 209 423 522 604 618 629 
198:191 555 731 811 977 1008 1010 
199:166 498 730 747 901 962 1017 
200:77 160 321 363 473 556 701 
201:74 142 157 430 646 856 863 
202:208 353 617 663 798 961 -1 
203:246 646 813 857 877 890 945 
204:395 916 927 936 948 954 -1 
205:149 190 377 579 649 797 944 
206:50 637 769 799 906 929 1005 
207:253 330 888 908 918 946 956 
208:88 322 341 513 802 825 987 
209:9 137 254 295 483 557 575 
210:144 212 215 596 617 840 850 
211:100 122 174 682 801 952 1005 
212:16 263 373 621 868 935 957 
213:32 844 937 996 -1 -1 -1 
214:78 125 185 291 532 750 817 
215:140 891 902 932 1007 1008 -1 
216:179 405 597 615 728 966 990 
217:49 372 957 -1 -1 -1 -1 
218:25 472 474 660 665 737 748 
219:41 128 410 843 919 1006 -1 
220:835 955 -1 -1 -1 -1 -1 
221:74 194 336 651 689 692 721 
222:512 664 908 909 941 946 973 
223:69 89 103 270 593 804 904 
224:96 146 298 593 659 958 960 
225:135 347 429 553 642 982 -1 
226:49 61 110 585 775 837 912 
227:577 600 805 823 860 895 910 
228:346 575 697 791 920 -1 -1 
229:16 477 761 861 887 990 1009 
230:197 525 900 -1 -1 -1 -1 
231:387 892 1000 1004 -1 -1 -1 
232:502 630 885 931 980 1013 1017 
233:27 130 398 469 738 863 903 
234:10 37 45 289 592 635 1002 
235:259 749 764 774 903 994 -1 
236:214 477 564 567 773 805 856 
237:631 868 884 959 -1 -1 -1 
238:452 471 664 894 977 999 -1 
239:867 869 883 931 939 944 -1 
240:183 219 526 770 892 904 960 
241:351 370 602 945 -1 -1 -1 
242:24 242 568 769 846 898 972 
243:711 809 998 1020 -1 -1 -1 
244:117 127 711 831 854 855 866 
245:368 384 548 745 971 1018 -1 
246:230 341 402 452 586 772 776 
247:190 327 514 889 -1 -1 -1 
248:816 916 951 954 965 1017 -1 
249:278 733 780 905 940 1004 1006 
250:27 443 777 813 920 935 966 
251:426 556 579 835 864 947 971 
252:159 176 241 264 309 382 614 
253:109 439 444 594 907 994 -1 
254:206 339 754 870 875 910 960 
255:110 226 555 568 686 738 814 
256:234 438 588 815 921 956 968 
257:449 601 647 -1 -1 -1 -1 
258:70 298 332 444 556 643 948 
259:47 82 102 131 508 586 906 
260:113 264 272 672 882 884 955 
261:52 62 499 626 646 659 666 
262:106 911 -1 -1 -1 -1 -1 
263:274 493 590 856 907 932 999 
264:274 610 662 858 951 -1 -1 
265:77 259 883 986 1021 -1 -1 
266:138 207 437 600 720 764 779 
267:428 557 642 681 844 983 995 
268:181 810 986 -1 -1 -1 -1 
269:276 389 415 618 739 897 983 
270:48 143 289 355 588 886 904 
271:17 228 401 479 719 728 789 
272:19 239 271 740 809 878 883 
273:46 342 552 841 974 -1 -1 
274:194 489 596 651 676 797 -1 
275:21 463 533 585 610 627 881 
276:896 908 957 983 1002 1006 -1 
277:485 566 833 914 962 993 1018 
278:153 220 300 468 763 857 891 
279:56 495 501 642 702 863 896 
280:250 740 833 894 970 -1 -1 
281:105 256 324 488 503 644 889 
282:79 578 638 833 916 -1 -1 
283:199 263 294 509 608 711 877 
284:150 205 276 315 349 838 865 
285:182 587 959 996 -1 -1 -1 
286:406 540 574 865 894 949 1003 
287:334 650 973 -1 -1 -1 -1 
288:560 844 907 936 998 -1 -1 
289:76 116 688 938 1011 -1 -1 
290:59 95 181 604 777 930 1014 
291:187 450 487 730 812 875 922 
292:786 902 980 1019 -1 -1 -1 
293:780 905 1017 -1 -1 -1 -1 
294:237 323 332 539 932 988 1011 
295:37 410 921 923 995 1020 -1 
296:126 235 554 561 622 722 757 
297:562 606 640 998 1016 -1 -1 
298:12 93 158 167 333 369 779 
299:68 635 752 885 940 963 993 
300:18 61 215 239 240 404 547 
301:96 225 330 879 999 -1 -1 
302:745 950 990 1017 -1 -1 -1 
303:3 4 15 107 605 630 715 
304:271 401 717 902 934 963 -1 
305:17 364 436 614 768 795 901 
306:757 860 940 959 964 -1 -1 
307:714 767 869 952 1001 -1 -1 
308:224 589 619 674 827 828 890 
309:154 652 704 765 857 962 964 
310:63 355 440 569 687 968 975 
311:398 450 603 678 827 995 -1 
312:518 615 637 856 873 975 989 
313:103 339 915 961 1021 -1 -1 
314:7 244 287 773 778 854 936 
315:71 245 388 701 832 845 987 
316:456 488 -1 -1 -1 -1 -1 
317:106 188 640 737 921 929 931 
318:231 373 568 734 855 974 980 
319:85 123 435 1002 1014 -1 -1 
320:101 325 687 922 933 957 970 
321:437 606 838 861 894 949 -1 
322:821 994 -1 -1 -1 -1 -1 
323:221 342 611 806 839 943 989 
324:26 484 553 706 790 880 1020 
325:136 424 438 592 807 934 982 
326:21 79 168 567 673 676 771 
327:268 613 707 710 766 970 1005 
328:141 628 699 794 806 871 974 
329:108 111 633 843 885 892 1006 
330:303 344 742 842 908 912 941 
331:368 724 839 854 904 927 1012 
332:58 80 518 548 986 -1 -1 
333:446 478 517 571 579 750 848 
334:129 266 292 717 824 886 972 
335:222 356 641 950 958 -1 -1 
336:547 634 685 916 928 956 -1 
337:779 873 942 -1 -1 -1 -1 
338:164 165 690 893 924 -1 -1 
339:577 609 690 804 919 1004 -1 
340:69 102 576 824 958 976 -1 
341:28 29 326 420 513 601 607 
342:67 92 253 305 371 403 451 
343:100 148 590 865 -1 -1 -1 
344:11 462 591 612 679 903 -1 
345:494 495 773 776 897 971 981 
346:28 94 370 461 483 637 644 
347:532 770 793 854 872 947 -1 
348:99 125 864 939 -1 -1 -1 
349:229 702 719 954 964 1011 -1 
350:66 900 979 -1 -1 -1 -1 
351:182 356 415 705 756 836 887 
352:123 233 587 648 818 918 1008 
353:528 591 842 858 897 937 985 
354:292 546 726 887 -1 -1 -1 
355:272 279 283 497 530 947 982 
356:146 208 411 467 628 814 853 
357:161 210 558 598 689 722 731 
358:210 677 832 943 986 -1 -1 
359:795 930 -1 -1 -1 -1 -1 
360:114 515 619 631 786 818 821 
361:34 57 83 296 443 464 486 
362:185 400 562 602 608 807 886 
363:175 630 863 912 950 966 1007 
364:42 280 949 -1 -1 -1 -1 
365:626 820 976 -1 -1 -1 -1 
366:170 991 1004 -1 -1 -1 -1 
367:473 830 943 947 978 980 999 
368:53 403 475 544 570 663 840 
369:157 300 595 761 852 899 910 
370:63 240 378 649 760 821 859 
371:226 313 449 810 925 975 1007 
372:492 645 667 962 -1 -1 -1 
373:196 636 742 880 906 994 1011 
374:40 90 725 759 841 878 892 
375:54 82 331 783 854 861 907 
376:5 30 396 963 969 993 -1 
377:907 1007 1016 -1 -1 -1 -1 
378:553 572 629 865 886 942 961 
379:68 238 929 -1 -1 -1 -1 
380:283 476 720 933 1021 -1 -1 
381:465 490 507 951 981 985 -1 
382:43 301 613 703 729 864 -1 
383:218 233 705 953 970 995 -1 
384:367 816 989 1022 -1 -1 -1 
385:117 650 823 894 914 967 981 
386:525 667 699 864 888 900 1014 
387:99 446 458 881 898 917 924 
388:65 91 192 323 407 761 920 
389:674 800 801 867 933 -1 -1 
390:152 247 549 641 696 828 899 
391:55 73 94 399 499 567 727 
392:348 552 617 963 -1 -1 -1 
393:86 236 331 550 680 864 995 
394:2 81 435 541 586 670 733 
395:358 472 732 766 822 -1 -1 
396:644 680 905 1005 1015 -1 -1 
397:83 478 698 830 985 987 996 
398:72 374 573 718 882 981 1015 
399:180 418 533 840 1019 -1 -1 
400:314 411 517 542 673 862 876 
401:1 178 285 458 509 790 873 
402:97 244 481 549 589 793 869 
403:322 706 720 889 918 1023 -1 
404:169 755 1017 -1 -1 -1 -1 
405:511 683 836 892 916 929 952 
406:404 407 540 803 812 949 962 
407:180 381 645 694 869 881 967 
408:11 362 635 710 967 -1 -1 
409:515 594 654 901 983 995 -1 
410:414 596 640 774 801 874 932 
411:685 824 876 949 967 1015 -1 
412:29 51 408 562 634 872 -1 
413:616 626 657 775 972 1008 -1 
414:13 335 583 715 758 771 866 
415:224 297 433 470 974 1010 -1 
416:114 153 580 641 735 741 831 
417:364 496 930 -1 -1 -1 -1 
418:402 409 504 658 909 1021 -1 
419:431 700 705 817 948 993 1000 
420:177 576 670 679 770 803 860 
421:314 321 412 611 736 926 951 
422:225 655 723 876 992 -1 -1 
423:172 256 506 531 723 732 864 
424:238 560 698 723 860 865 913 
425:273 290 408 730 732 758 858 
426:193 561 889 973 992 -1 -1 
427:202 343 476 735 1023 -1 -1 
428:60 86 250 737 972 -1 -1 
429:0 468 492 581 624 734 836 
430:260 269 413 416 581 1014 -1 
431:377 634 880 897 998 -1 -1 
432:174 327 336 527 751 951 1015 
433:203 781 790 972 1005 1019 -1 
434:141 508 841 867 882 915 934 
435:44 309 636 963 -1 -1 -1 
436:33 655 -1 -1 -1 -1 -1 
437:201 349 383 386 574 746 837 
438:147 204 460 465 651 692 731 
439:87 223 310 419 432 716 763 
440:158 164 290 479 765 792 917 
441:62 882 897 900 -1 -1 -1 
442:78 175 245 895 -1 -1 -1 
443:729 788 905 942 -1 -1 -1 
444:214 505 594 598 709 876 917 
445:47 448 557 638 871 942 -1 
446:124 584 709 845 899 986 988 
447:33 140 156 566 861 992 1023 
448:427 461 671 916 921 1004 1008 
449:6 128 551 599 686 929 1016 
450:350 758 829 933 1009 -1 -1 
451:14 217 489 766 931 961 976 
452:260 867 1006 -1 -1 -1 -1 
453:177 375 423 560 872 879 928 
454:338 537 655 826 903 949 980 
455:147 412 558 791 918 1001 1007 
456:20 35 631 809 884 924 944 
457:317 455 512 -1 -1 -1 -1 
458:366 406 741 782 785 878 969 
459:166 505 658 888 912 930 982 
460:90 248 325 656 738 866 973 
461:112 441 657 693 886 933 -1 
462:64 308 800 806 885 981 996 
463:130 286 312 520 796 -1 -1 
464:607 765 874 -1 -1 -1 -1 
465:234 393 684 898 936 978 990 
466:613 688 956 1016 -1 -1 -1 
467:696 825 862 909 934 935 969 
468:75 698 708 739 858 937 946 
469:206 279 393 729 862 992 996 
470:9 134 682 796 884 911 968 
471:51 585 690 1004 1013 -1 -1 
472:284 652 679 713 946 -1 -1 
473:558 623 666 1005 1016 -1 -1 
474:511 680 751 925 -1 -1 -1 
475:903 965 -1 -1 -1 -1 -1 
476:595 609 685 717 875 925 940 
477:121 124 528 554 891 909 923 
478:105 825 868 920 991 -1 -1 
479:8 132 374 480 693 757 926 
480:66 320 800 934 942 989 994 
481:1 232 262 573 609 668 784 
482:149 162 294 523 848 930 1019 
483:201 306 453 625 914 -1 -1 
484:819 869 883 923 1022 -1 -1 
485:145 334 576 687 868 874 884 
486:267 392 459 467 516 669 935 
487:173 501 726 846 985 -1 -1 
488:236 638 734 946 958 1001 1013 
489:120 142 223 319 380 462 534 
490:391 394 792 952 -1 -1 -1 
491:6 44 60 534 671 915 -1 
492:786 799 948 1009 1011 1018 -1 
493:24 104 184 286 549 857 928 
494:727 973 991 1009 1014 -1 -1 
495:453 793 849 893 992 1002 1019 
496:169 196 213 399 616 789 871 
497:58 88 506 603 725 -1 -1 
498:254 379 422 628 811 877 884 
499:297 361 595 654 659 664 677 
500:872 903 923 945 953 997 -1 
501:40 285 311 392 599 702 870 
502:168 571 669 928 989 -1 -1 
503:155 302 656 707 1003 1008 -1 
504:73 312 359 559 792 891 911 
505:2 162 197 228 667 714 873 
506:156 192 378 448 521 877 967 
507:152 400 457 572 584 707 708 
508:391 425 578 955 -1 -1 -1 
509:38 243 282 660 767 927 1001 
510:191 420 551 639 643 847 852 
511:938 988 1001 -1 -1 -1 -1 
