frameNum = 0
(0,0) (0,0) (0,0) (0,0) (0,0) (0,0) (8,0) (12,12) (0,0) (0,0) (0,0) 
(0,0) (0,0) (0,0) (0,0) (8,12) (0,4) (0,-4) (-8,-16) (12,12) (0,0) (-4,-4) 
(0,0) (0,0) (0,0) (0,0) (-13,14) (-9,12) (-8,-5) (0,-8) (0,-8) (0,0) (-12,-12) 
(0,0) (0,0) (0,0) (0,0) (-16,12) (-15,4) (4,-8) (0,-8) (0,0) (0,0) (0,0) 
(0,0) (0,0) (0,0) (0,0) (4,-4) (4,-12) (0,-8) (0,-8) (0,0) (4,4) (0,0) 
(0,0) (0,0) (0,0) (0,0) (16,4) (4,-12) (0,-8) (4,-4) (0,0) (0,0) (0,0) 
(0,0) (0,0) (0,0) (0,0) (0,0) (0,-8) (-12,-16) (16,0) (0,0) (0,0) (0,0) 
(0,0) (0,0) (0,0) (0,0) (-8,-16) (8,0) (0,-12) (-4,-4) (0,0) (0,0) (0,0) 
(0,0) (0,0) (0,0) (0,0) (-12,-12) (0,-4) (0,0) (0,0) (0,0) (0,0) (0,0) 
frameNum = 1
(0,0) (0,0) (0,0) (0,0) (0,0) (16,-12) (0,0) (0,0) (0,0) (0,0) (0,0) 
(0,0) (0,0) (0,0) (0,0) (4,8) (4,-4) (4,4) (-4,-4) (0,0) (0,0) (0,0) 
(0,0) (0,0) (0,0) (0,0) (0,-4) (0,-4) (0,4) (0,-8) (0,0) (0,0) (0,0) 
(0,0) (0,0) (0,0) (0,0) (0,-4) (0,-4) (-8,-12) (0,-8) (0,0) (0,0) (0,0) 
(0,0) (0,0) (0,0) (0,0) (0,-4) (4,-12) (0,-8) (0,-8) (0,0) (0,0) (0,0) 
(0,0) (0,0) (0,0) (-4,-12) (8,4) (0,-8) (0,-8) (0,-8) (0,0) (0,0) (0,0) 
(0,0) (0,0) (0,0) (0,0) (16,16) (0,-8) (12,8) (12,4) (0,0) (0,0) (0,0) 
(0,0) (0,0) (0,0) (0,0) (-8,3) (-8,-12) (4,-4) (0,11) (0,0) (0,0) (0,0) 
(0,0) (0,0) (0,0) (0,0) (0,12) (-1,0) (0,-4) (0,0) (0,0) (0,0) (0,0) 
