frameNum = 0
733 699 756 719 921 1074 931 1051 1252 1251 1392 
943 813 780 1031 544 395 244 1062 1149 1028 847 
912 818 634 1002 962 720 804 1011 1492 1110 925 
946 1048 1232 1388 1271 1396 1145 1272 1376 1100 1136 
1037 1052 869 1523 1322 1327 1207 1350 977 856 1009 
967 1200 935 1525 1199 947 1269 1358 1083 884 1030 
1166 1055 1230 1319 1330 1247 1542 1517 787 961 896 
1284 1224 1191 1074 1575 1328 1299 1412 830 747 801 
1152 1069 1211 1217 1642 1550 1156 1284 861 750 794 
frameNum = 1
786 787 937 965 1196 1163 849 1091 909 660 727 
929 944 994 1339 782 401 311 719 578 577 579 
887 875 919 850 850 829 893 1102 1108 706 756 
859 746 750 1325 1297 1285 1377 1239 1422 926 759 
772 739 888 1421 1234 1176 1088 1077 1036 864 759 
759 577 538 1560 1438 1242 1150 1560 892 724 952 
740 622 541 1270 1394 1291 1508 1522 949 934 1074 
692 685 796 634 1651 1439 1347 1490 864 919 1057 
780 730 588 781 1579 1614 1322 1000 1133 982 1075 
