i=0,j=0
 591 -175   39   39  724   29  100   48  738   17   93   47  701   11  106   69  506 -219   -1   31  777   -4   -9    2  797   -2    0    1  789    5    6   -2  537 -264   -3   -3  796    0    4   -1  759   27   36  -22  752    9   40  -29  501 -226   44  -26  629   34  135   17  539   19    9   28  623  -37  -81   21 
i=0,j=1
 736   19   94   47  761   -4   62   39  801    2    0    0  791    9   10  -10  792   -1    7    1  784   16   16  -19  693   25   89    2  645  -10  -44   44  657   21   94   22  648  -12  -69   16  723   -5  -17  -15  763  -14   -3    1  718  -11  -36  -17  750   -6    1    1  740   -6    0   -2  775   -4   -4   -4 
i=0,j=2
 701   27   90   -7  661  -10  -49   43  738  -23  -15  -16  764   -1    3    2  750  -18  -28  -16  766   -1   -6    0  759   -7  -12   -9  769    2   -2    2  778    5    1    3  753    2    9   -7  763   -5    3   -2  755    7    7   -9  768    3    6    1  726   26   29  -27  637   23   98   -1  524   28   48   -1 
i=0,j=3
 765   -3    6    1  780    0    1    0  780    3    5   -3  782   -2    7    2  770    1    1   -1  770   -3    4   -2  690   36   88  -43  578   41   81   36  662   29   99  -18  537   36   54   22  489  -18    0   22  593  -32 -139    6  526  -22  -45   63  641  -42 -133  -39  766  -15  -13  -10  769    2    4    1 
i=0,j=4
 720   31   59  -40  613   30   91   29  506   13   32  -10  537  -37  -73   65  484  -17   23   -1  577  -30 -113   45  712  -37  -76  -45  776    9    3   14  737  -25  -43  -24  777   -2   -3   -5  798   -6  -14    4  828   -6  -10   -5  786   -2   -5    3  812  -14  -20   -7  835   -1   -2    0  835    0    0    0 
i=0,j=5
 680  -50 -115  -43  785    1    2    2  775   10   -3    5  751    0   -7    5  793  -14  -14   13  821   -2  -16   -8  825    0  -14  -11  811    8  -28  -16  836    0    0    1  836    0    0    0  837    0    0   -1  837    1    0   -1  837    1    1    0  837    0    0   -1  837    0    0    0  837    0   -1   -1 
i=0,j=6
 743    0    1    1  676   69  -30  -23  470   27  -22   12  578  -81   89    5  787    7  -41    0  743   16  -22    4  687   47  -53  -22  477   31  -39   18  837   -1   -1   -1  832    8   -8   -5  750   33  -27    4  674   42  -26    1  837    1    1   -1  836    0    0    0  825   11   -7   -3  745   28  -27   -2 
i=0,j=7
 750  -11    9   -4  752    2    0    3  735    7    1    3  711    7  -16   -5  587  -75   77    1  751   -5    5   -1  737   13    3   -2  734    1   -3   -5  472   43  -35   17  567  -77   81    3  736    3   12   -6  745    8   -4   -4  692   41  -41  -24  471   39  -42   18  551  -75   83    1  747   -2    8   -7 
i=0,j=8
 569   24  -10   21  720  -42   39  -19  763    7   -2    0  730    3   -4    2  696    8  -14  -13  553   10    3   20  728  -35   33  -17  750    4   -1    0  725    2    0   -1  679   23  -18   -9  546  -12   13   29  733  -24   23  -16  735    4   -3   -1  701   12   -6   -2  654    6  -23   -8  559  -19   22   13 
i=0,j=9
 591   60  -75   18  662  -64   59  -10  725    6    0   -5  673   61  -54   -7  727    6   -5    0  587   62  -50   19  688  -50   33  -15  729   -3    1    4  747    7   -6   -5  724    3   -5   -1  579   33  -14   17  700  -27   32  -16  725  -13   23  -22  743   -1   -5   -2  715   17  -14   -5  558   19   -5   19 
i=0,j=10
 617  -81   54    9  702   -2  -14   -2  572   91  -50   20  640  -65   59  -11  635   91  -61    6  643  -81   67   -2  701   25   -1    4  544   48  -35   21  732  -10    4    0  604   83  -54   15  679  -54   48  -18  667   31  -12    1  689  -47   28  -10  746   -4    2   -2  587   44  -37   15  665    3   31  -11 
i=1,j=0
 500 -239  -32  -23  703   51  -47  -37  721  -40  -38  -21  754    8    2    3  521 -242    2    1  731   -1   -8   -2  762    0   -2   -1  753    0   -2   -1  512 -238    1   -1  743  -12    0   -1  753    4   -2    0  663   35   99  -35  453 -209   35    0  641   37  103  -10  499   36   57   20  503  -30  -66   70 
i=1,j=1
 760    1   -1   -1  744   12    6   -1  752  -13   -6    1  727   29   51  -33  759    5   -2    0  678   33   66  -33  575   36   87   28  460    6   32    9  534   37   76   33  483  -23    2   26  596  -31 -148    0  733  -28  -50  -33  635  -46 -142  -43  766  -16  -10  -12  777    0   -3   -3  781   -3    0   -1 
i=1,j=2
 601   36  100   18  473   16   44   -9  547  -27  -93   70  687  -39 -103  -57  549  -34 -135   42  717  -45  -64  -48  774    2   -4    2  773   -4    3    5  775    0   -3    1  777   -1    2   -5  777    0    1    1  775    1   -2   -1  779    2    1   -1  773   -1    1   -1  773   -1    2   -1  770    1    3   -1 
i=1,j=3
 780    4   -1    3  771   -5   -1    6  773   -2   -8    4  783   -5   -6    0  778   -1    2   -1  778   -2    0   -1  780    2   -2    2  807  -19  -11    0  775   -1   -2    0  776    0    1    1  790   -9   -2   -1  825   -4    0    0  776    0   -2    1  725   20   58  -43  800  -15   -2   -1  823   -2    1    0 
i=1,j=4
 815  -15  -17   -1  835    0    0    0  837    0   -1    0  837    0    0    0  833    0    1    0  835   -1    1    0  835    0    0    0  835    0    0    0  831    0    1   -1  832   -1    1    0  834    0    1    0  835    0    1    0  829   -1    0    0  833   -1    0   -1  835    0    0   -1  835    0    0    0 
i=1,j=5
 837    0    1    0  838    0    0    1  837    0    1    1  838    0    0    0  836    0    0    0  836    0    0    1  837    0    0    1  836    0    0   -1  835    0    0    0  837   -1    1    0  838    1    1    0  838    1    1   -1  835    0    0    0  837   -1   -1    0  837    0    0    0  838    0   -1   -1 
i=1,j=6
 836    0    1    0  836    0    0    0  834    1    0    0  830    2    0    0  836    0    0    0  836    0    1    0  835    0    0    0  832    2   -1    1  819    2   20  -20  812    1   27  -24  808    1   33  -28  805    1   36  -30  437    4   57   21  391    2   66   27  412  -10   71   16  460  -13   64    9 
i=1,j=7
 734    1    1   -1  716   17  -19  -16  489   63  -70   19  517  -70   75   11  764   30  -10   -1  729    3    1    1  707   19  -18  -13  504   64  -86   20  802   14   -5   -2  732    9   -2    0  721   -1    1    1  723    0   -3   -5  812    5    0    0  752   23   -7   -2  721   -1   -3   -1  715    4   -2   -3 
i=1,j=8
 727  -15   11   -5  720    8   -7    4  692   -2    0   -1  657   37  -22  -16  517  -70   75   11  718   -6   13   -5  699    8   -7    0  695    8   -7   -2  504   64  -86   20  492  -63   74   18  702  -18   12  -15  709   13  -12    2  723    0   -3   -5  517   77  -87    7  494  -58   53    9  715  -23   17  -17 
i=1,j=9
 546  -12   13   29  733  -24   23  -16  747    7   -6   -5  724    3   -5   -1  654    6  -23   -8  559  -19   22   13  725  -13   23  -22  743   -1   -5   -2  692   -2    0   -1  657   37  -22  -16  559  -25   15   18  737  -19   10   -9  699    8   -7    0  695    8   -7   -2  683   20  -32   -9  561  -41   33   16 
i=1,j=10
 571  -24    2   19  730  -10    7   -4  744    5   -7   -8  565   23  -10   17  702   32  -32  -18  611  -39   23   15  738   -6    5   -2  702   43  -13   -5  754    1   -7   -4  704   46  -39  -14  617  -55   40   17  715   21    1   -1  757   -7    6   -5  760    6   -3   -4  674   53  -50  -11  623  -43   47   11 
i=2,j=0
 396 -139   20   -6  544  -35 -109   63  693  -47  -94  -55  782    4    2    6  518 -254  -11  -14  770   -1    1    4  781   -2   -2    1  776    1    5   -1  529 -255    1   -1  773   -3    3    1  777    0    1    0  771    3    3   -3  525 -253    0   -1  772   -4    3    2  759   11   16  -13  683   20   88  -26 
i=2,j=1
 771   -5   -5   -1  775    2    1    0  774    0    1    4  778   -3    7    0  774   -1    0   -2  772    0    1   -1  771    1    5   -1  769    9    6   -2  763    3    0    2  734   21   36  -31  653   22   91   11  542   23   28   11  578   35   70   38  512    5   33  -18  481    3   30   32  535  -25 -109   54 
i=2,j=2
 773    1    3    0  769    0   -1    5  745   18   26  -23  651   36  110   -9  682   31   97  -40  596   27   74   49  504   20   32  -22  457   11   39   23  486    8   45   -6  496  -22  -39   49  596  -37 -147    4  713  -34  -53  -41  665  -53 -108  -42  765   -8   -1   -3  774    0   -2   -1  773    4    5   -4 
i=2,j=3
 558   27   44   31  597  -97   -9  -22  806   -7    0    0  822   -2    0    0  505  -32  -87   58  716  -70  -48    1  806   -6    0    0  820   -4    1    1  776   -2    2    6  772  -15   -3   -2  807   -6    0    1  823   -5    0    0  772    0    6   -3  780  -12   -2   -1  809   -6   -1    1  813    8   15  -12 
i=2,j=4
 831    0    1   -1  832   -1    1    0  834    0    1    0  835    0    1    0  829   -1    0    0  833   -1    0   -1  835    0    0   -1  835    0    0    0  830   -1   -1    0  832    0    0    0  834    0   -1   -1  835   -1    0    0  832   -1   -1    1  833    1   -1   -1  834    0    0    0  835   -1    0    0 
i=2,j=5
 834    0    0    0  835   -1    0    0  836    0    0    1  837   -1    0    1  832    1    2   -1  825    2   11   -9  823    0   16  -15  823    1   18  -14  628   23   64    7  551   16   90    0  503   12  102   22  462    9   88   35  416   15   28    0  359   12   -5   33  360   -4  -26   29  356   -2  -44   10 
i=2,j=6
 838    0    0    0  836    0    0    0  835    0    0    0  834    1    0    0  836    0    0   -1  836    1    1    0  835    0    0    0  833    1    0    0  838    1    1   -1  836    0    0    0  836    0    0    0  834    1    1    0  838    0   -1   -1  836    0    1    0  836    0    0    0  834    1    0    0 
i=2,j=7
 826    2   -1    0  819    3   -1    0  776   32  -12   -2  721   -5   -2    0  802    1   33  -29  806    0   22  -21  797   10    5  -11  738    0  -15   13  507  -11   59   -2  559  -22   46  -25  620   -8    4    8  641   -5   13   24  335  -23   50    1  411  -20   27   -9  483  -20   35   11  611  -40   38  -13 
i=2,j=8
 713   12  -15  -10  726   -6    1   -3  556   79  -95   -1  470  -58   58   18  727    1   -4    0  712   -6    5    4  735   -5    1    0  573   89  -90   -1  713  -14   24   -3  717    5   -4    0  727   -2    1    0  731   -2    4    1  688  -28   -2    1  722    0    1    0  728   -1    0   -1  728   -1    0    0 
i=2,j=9
 722  -30   25  -18  717   12  -13   -2  678   12   -2   -1  653   40  -27   -8  470  -58   58   18  681  -43   26  -14  707    5   -5   -4  720    8  -12   -5  573   89  -90   -1  463  -50   55    7  661  -34   40  -19  729   -4    1    0  731   -2    4    1  557   80  -79   13  446  -55   50    8  704  -36   39  -20 
i=2,j=10
 599  -56   44   18  757   -7    6   -5  760    6   -3   -4  674   53  -50  -11  653   40  -27   -8  597  -66   62    9  756   -1    4   -1  737    5   -5   -1  720    8  -12   -5  580   31  -42  -13  597  -72   72   13  745   -2   -4    1  729   -4    1    0  678   14   -8    0  611   24  -60  -10  616  -68   48   14 
i=3,j=0
 463 -199   60  -14  615   24   86   30  513   16   42  -10  482    1   35   23  359 -131   27    3  487  -18  -60   56  610  -37 -137  -11  740  -26  -35  -37  504 -239  -20  -23  769   -9   10    9  772    0   -2   -2  772    3    2    0  527 -254    0    0  769   -1    1   -1  771    1    0    1  765    2   -1   -3 
i=3,j=1
 539  -31  -95   54  654  -32 -134  -43  747  -24  -28  -27  775    0    1    6  775    0    2    3  774   -7   -7   -4  778   -3   -1    1  777   -1    3    0  776   -4    1   -3  776   -1    0    1  772   -2    5   -2  772    1    4    0  769   -1   -2   -2  769    1    2    1  764   -1   -2   -2  764    0    0   -2 
i=3,j=2
 771   -6   -1   -4  778   -1    2   -3  775    2   -3    2  773    3   -5   -5  774    4   -2    2  771   -1    2    0  769    5    2   -1  767    0    2   -7  765    2    3   -1  766    0    4    0  765    0    4   -1  746   10   -2   -4  766    0    1   -3  761   -4    1   -1  760    4    0    1  723   -2   24  -16 
i=3,j=3
 772    2   -1   -3  789   -5   -2   -2  747   23   49   -3  628   32   70  -23  759    4   20   -6  668   66   67  -15  495   16   55   31  464    1    5   -7  680   56   45   -2  443   22    0   13  449   -4    6   -1  425   28    0    3  569   65   11   10  447   13    0   -1  386   20   22   -1  382  -21    7    4 
i=3,j=4
 556   18   76   11  481   20   41   16  416   15   28    0  359   12   -5   33  431   14   25    2  398