0:429 68 -1 -1 -1 -1 -1 
1:401 481 -1 -1 -1 -1 -1 
2:505 394 -1 -1 -1 -1 -1 
3:122 303 -1 -1 -1 -1 -1 
4:303 195 -1 -1 -1 -1 -1 
5:376 123 -1 -1 -1 -1 -1 
6:449 491 -1 -1 -1 -1 -1 
7:167 314 -1 -1 -1 -1 -1 
8:479 194 -1 -1 -1 -1 -1 
9:470 209 -1 -1 -1 -1 -1 
10:234 113 -1 -1 -1 -1 -1 
11:408 344 -1 -1 -1 -1 -1 
12:298 112 -1 -1 -1 -1 -1 
13:153 414 -1 -1 -1 -1 -1 
14:451 167 -1 -1 -1 -1 -1 
15:303 109 -1 -1 -1 -1 -1 
16:229 212 -1 -1 -1 -1 -1 
17:305 271 -1 -1 -1 -1 -1 
18:68 300 -1 -1 -1 -1 -1 
19:12 272 -1 -1 -1 -1 -1 
20:456 69 -1 -1 -1 -1 -1 
21:275 326 -1 -1 -1 -1 -1 
22:133 51 -1 -1 -1 -1 -1 
23:23 15 -1 -1 -1 -1 -1 
24:493 242 -1 -1 -1 -1 -1 
25:56 218 -1 -1 -1 -1 -1 
26:324 4 -1 -1 -1 -1 -1 
27:250 233 -1 -1 -1 -1 -1 
28:341 346 -1 -1 -1 -1 -1 
29:412 341 -1 -1 -1 -1 -1 
30:100 376 -1 -1 -1 -1 -1 
31:165 82 -1 -1 -1 -1 -1 
32:99 213 -1 -1 -1 -1 -1 
33:447 436 -1 -1 -1 -1 -1 
34:361 128 -1 -1 -1 -1 -1 
35:456 178 -1 -1 -1 -1 -1 
36:95 9 -1 -1 -1 -1 -1 
37:295 234 -1 -1 -1 -1 -1 
38:509 159 -1 -1 -1 -1 -1 
39:92 166 -1 -1 -1 -1 -1 
40:501 374 -1 -1 -1 -1 -1 
41:219 94 -1 -1 -1 -1 -1 
42:109 364 -1 -1 -1 -1 -1 
43:27 382 -1 -1 -1 -1 -1 
44:435 491 -1 -1 -1 -1 -1 
45:234 104 -1 -1 -1 -1 -1 
46:44 273 -1 -1 -1 -1 -1 
47:259 445 -1 -1 -1 -1 -1 
48:142 270 -1 -1 -1 -1 -1 
49:226 217 -1 -1 -1 -1 -1 
50:79 206 -1 -1 -1 -1 -1 
51:471 412 -1 -1 -1 -1 -1 
52:94 261 -1 -1 -1 -1 -1 
53:90 368 -1 -1 -1 -1 -1 
54:16 375 -1 -1 -1 -1 -1 
55:158 391 -1 -1 -1 -1 -1 
56:93 279 -1 -1 -1 -1 -1 
57:361 101 -1 -1 -1 -1 -1 
58:332 497 -1 -1 -1 -1 -1 
59:290 159 -1 -1 -1 -1 -1 
60:428 491 -1 -1 -1 -1 -1 
61:300 226 -1 -1 -1 -1 -1 
62:261 441 -1 -1 -1 -1 -1 
63:370 310 -1 -1 -1 -1 -1 
64:462 73 -1 -1 -1 -1 -1 
65:67 388 -1 -1 -1 -1 -1 
66:480 350 -1 -1 -1 -1 -1 
67:97 342 -1 -1 -1 -1 -1 
68:299 379 -1 -1 -1 -1 -1 
69:340 223 -1 -1 -1 -1 -1 
70:168 258 -1 -1 -1 -1 -1 
71:4 315 -1 -1 -1 -1 -1 
72:398 157 -1 -1 -1 -1 -1 
73:391 504 -1 -1 -1 -1 -1 
74:201 221 -1 -1 -1 -1 -1 
75:56 468 -1 -1 -1 -1 -1 
76:168 289 -1 -1 -1 -1 -1 
77:265 200 -1 -1 -1 -1 -1 
78:214 442 -1 -1 -1 -1 -1 
79:282 326 -1 -1 -1 -1 -1 
80:139 332 -1 -1 -1 -1 -1 
81:394 192 -1 -1 -1 -1 -1 
82:259 375 -1 -1 -1 -1 -1 
83:397 361 -1 -1 -1 -1 -1 
84:48 183 -1 -1 -1 -1 -1 
85:190 319 -1 -1 -1 -1 -1 
86:428 393 -1 -1 -1 -1 -1 
87:439 73 -1 -1 -1 -1 -1 
88:497 208 -1 -1 -1 -1 -1 
89:223 29 -1 -1 -1 -1 -1 
90:460 374 -1 -1 -1 -1 -1 
91:388 166 -1 -1 -1 -1 -1 
92:15 342 -1 -1 -1 -1 -1 
93:298 36 -1 -1 -1 -1 -1 
94:391 346 -1 -1 -1 -1 -1 
95:290 116 -1 -1 -1 -1 -1 
96:301 224 -1 -1 -1 -1 -1 
97:94 402 -1 -1 -1 -1 -1 
98:160 99 -1 -1 -1 -1 -1 
99:387 348 -1 -1 -1 -1 -1 
100:211 343 -1 -1 -1 -1 -1 
101:320 153 -1 -1 -1 -1 -1 
102:259 340 -1 -1 -1 -1 -1 
103:223 313 -1 -1 -1 -1 -1 
104:493 119 -1 -1 -1 -1 -1 
105:281 478 -1 -1 -1 -1 -1 
106:317 262 -1 -1 -1 -1 -1 
107:303 156 -1 -1 -1 -1 -1 
108:329 82 -1 -1 -1 -1 -1 
109:54 253 -1 -1 -1 -1 -1 
110:255 226 -1 -1 -1 -1 -1 
111:178 329 -1 -1 -1 -1 -1 
112:28 461 -1 -1 -1 -1 -1 
113:103 260 -1 -1 -1 -1 -1 
114:416 360 -1 -1 -1 -1 -1 
115:108 183 -1 -1 -1 -1 -1 
116:126 289 -1 -1 -1 -1 -1 
117:385 244 -1 -1 -1 -1 -1 
118:151 171 -1 -1 -1 -1 -1 
119:162 148 -1 -1 -1 -1 -1 
120:489 92 -1 -1 -1 -1 -1 
121:477 67 -1 -1 -1 -1 -1 
122:4 211 -1 -1 -1 -1 -1 
123:352 319 -1 -1 -1 -1 -1 
124:446 477 -1 -1 -1 -1 -1 
125:214 348 -1 -1 -1 -1 -1 
126:296 154 -1 -1 -1 -1 -1 
127:244 76 -1 -1 -1 -1 -1 
128:449 219 -1 -1 -1 -1 -1 
129:334 29 -1 -1 -1 -1 -1 
130:233 463 -1 -1 -1 -1 -1 
131:112 259 -1 -1 -1 -1 -1 
132:152 479 -1 -1 -1 -1 -1 
133:42 88 -1 -1 -1 -1 -1 
134:79 470 -1 -1 -1 -1 -1 
135:43 225 -1 -1 -1 -1 -1 
136:79 325 -1 -1 -1 -1 -1 
137:209 83 -1 -1 -1 -1 -1 
138:266 38 -1 -1 -1 -1 -1 
139:64 21 -1 -1 -1 -1 -1 
140:215 447 -1 -1 -1 -1 -1 
141:434 328 -1 -1 -1 -1 -1 
142:489 201 -1 -1 -1 -1 -1 
143:270 5 -1 -1 -1 -1 -1 
144:130 210 -1 -1 -1 -1 -1 
145:187 485 -1 -1 -1 -1 -1 
146:356 224 -1 -1 -1 -1 -1 
147:438 455 -1 -1 -1 -1 -1 
148:137 343 -1 -1 -1 -1 -1 
149:482 205 -1 -1 -1 -1 -1 
150:19 284 -1 -1 -1 -1 -1 
151:160 168 -1 -1 -1 -1 -1 
152:390 507 -1 -1 -1 -1 -1 
153:416 278 -1 -1 -1 -1 -1 
154:309 70 -1 -1 -1 -1 -1 
155:503 168 -1 -1 -1 -1 -1 
156:506 447 -1 -1 -1 -1 -1 
157:369 201 -1 -1 -1 -1 -1 
158:298 440 -1 -1 -1 -1 -1 
159:40 252 -1 -1 -1 -1 -1 
160:200 121 -1 -1 -1 -1 -1 
161:85 357 -1 -1 -1 -1 -1 
162:505 482 -1 -1 -1 -1 -1 
163:103 139 -1 -1 -1 -1 -1 
164:440 338 -1 -1 -1 -1 -1 
165:338 92 -1 -1 -1 -1 -1 
166:459 199 -1 -1 -1 -1 -1 
167:298 114 -1 -1 -1 -1 -1 
168:502 326 -1 -1 -1 -1 -1 
169:496 404 -1 -1 -1 -1 -1 
170:366 125 -1 -1 -1 -1 -1 
171:172 128 -1 -1 -1 -1 -1 
172:144 423 -1 -1 -1 -1 -1 
173:187 487 -1 -1 -1 -1 -1 
174:211 432 -1 -1 -1 -1 -1 
175:363 442 -1 -1 -1 -1 -1 
176:252 153 -1 -1 -1 -1 -1 
177:453 420 -1 -1 -1 -1 -1 
178:401 31 -1 -1 -1 -1 -1 
179:170 216 -1 -1 -1 -1 -1 
180:399 407 -1 -1 -1 -1 -1 
181:290 268 -1 -1 -1 -1 -1 
182:351 285 -1 -1 -1 -1 -1 
183:240 197 -1 -1 -1 -1 -1 
184:7 493 -1 -1 -1 -1 -1 
185:362 214 -1 -1 -1 -1 -1 
186:158 17 -1 -1 -1 -1 -1 
187:135 291 -1 -1 -1 -1 -1 
188:2 317 -1 -1 -1 -1 -1 
189:58 171 -1 -1 -1 -1 -1 
190:205 247 -1 -1 -1 -1 -1 
191:510 198 -1 -1 -1 -1 -1 
192:388 506 -1 -1 -1 -1 -1 
193:178 426 -1 -1 -1 -1 -1 
194:274 221 -1 -1 -1 -1 -1 
195:168 52 -1 -1 -1 -1 -1 
196:373 496 -1 -1 -1 -1 -1 
197:505 230 -1 -1 -1 -1 -1 
198:184 103 -1 -1 -1 -1 -1 
199:283 44 -1 -1 -1 -1 -1 
200:33 186 -1 -1 -1 -1 -1 
201:437 483 -1 -1 -1 -1 -1 
202:427 75 -1 -1 -1 -1 -1 
203:433 27 -1 -1 -1 -1 -1 
204:438 74 -1 -1 -1 -1 -1 
205:147 284 -1 -1 -1 -1 -1 
206:254 469 -1 -1 -1 -1 -1 
207:266 168 -1 -1 -1 -1 -1 
208:202 356 -1 -1 -1 -1 -1 
209:197 128 -1 -1 -1 -1 -1 
210:358 357 -1 -1 -1 -1 -1 
211:136 42 -1 -1 -1 -1 -1 
212:210 35 -1 -1 -1 -1 -1 
213:127 496 -1 -1 -1 -1 -1 
214:444 236 -1 -1 -1 -1 -1 
215:210 300 -1 -1 -1 -1 -1 
216:172 115 -1 -1 -1 -1 -1 
217:121 451 -1 -1 -1 -1 -1 
218:383 115 -1 -1 -1 -1 -1 
219:82 240 -1 -1 -1 -1 -1 
220:278 149 -1 -1 -1 -1 -1 
221:113 323 -1 -1 -1 -1 -1 
222:335 148 -1 -1 -1 -1 -1 
223:439 489 -1 -1 -1 -1 -1 
224:308 415 -1 -1 -1 -1 -1 
225:422 301 -1 -1 -1 -1 -1 
226:371 255 -1 -1 -1 -1 -1 
227:115 63 -1 -1 -1 -1 -1 
228:271 505 -1 -1 -1 -1 -1 
229:349 52 -1 -1 -1 -1 -1 
230:84 246 -1 -1 -1 -1 -1 
231:318 79 -1 -1 -1 -1 -1 
232:16 481 -1 -1 -1 -1 -1 
233:352 383 -1 -1 -1 -1 -1 
234:256 465 -1 -1 -1 -1 -1 
235:145 296 -1 -1 -1 -1 -1 
236:393 488 -1 -1 -1 -1 -1 
237:122 294 -1 -1 -1 -1 -1 
238:424 379 -1 -1 -1 -1 -1 
239:300 272 -1 -1 -1 -1 -1 
240:300 370 -1 -1 -1 -1 -1 
241:252 185 -1 -1 -1 -1 -1 
242:35 242 -1 -1 -1 -1 -1 
243:145 509 -1 -1 -1 -1 -1 
244:402 314 -1 -1 -1 -1 -1 
245:315 442 -1 -1 -1 -1 -1 
246:105 203 -1 -1 -1 -1 -1 
247:390 28 -1 -1 -1 -1 -1 
248:181 460 -1 -1 -1 -1 -1 
249:16 30 -1 -1 -1 -1 -1 
250:280 428 -1 -1 -1 -1 -1 
251:151 77 -1 -1 -1 -1 -1 
252:118 9 -1 -1 -1 -1 -1 
253:342 207 -1 -1 -1 -1 -1 
254:498 209 -1 -1 -1 -1 -1 
255:146 165 -1 -1 -1 -1 -1 
256:281 423 -1 -1 -1 -1 -1 
257:112 45 -1 -1 -1 -1 -1 
258:92 136 -1 -1 -1 -1 -1 
259:265 235 -1 -1 -1 -1 -1 
260:452 430 -1 -1 -1 -1 -1 
261:192 136 -1 -1 -1 -1 -1 
262:481 180 -1 -1 -1 -1 -1 
263:212 283 -1 -1 -1 -1 -1 
264:260 252 -1 -1 -1 -1 -1 
265:49 168 -1 -1 -1 -1 -1 
266:174 334 -1 -1 -1 -1 -1 
267:140 486 -1 -1 -1 -1 -1 
268:327 193 -1 -1 -1 -1 -1 
269:430 70 -1 -1 -1 -1 -1 
270:19 223 -1 -1 -1 -1 -1 
271:272 304 -1 -1 -1 -1 -1 
272:355 260 -1 -1 -1 -1 -1 
273:425 144 -1 -1 -1 -1 -1 
274:264 263 -1 -1 -1 -1 -1 
275:4 145 -1 -1 -1 -1 -1 
276:269 284 -1 -1 -1 -1 -1 
277:149 166 -1 -1 -1 -1 -1 
278:249 77 -1 -1 -1 -1 -1 
279:469 355 -1 -1 -1 -1 -1 
280:56 364 -1 -1 -1 -1 -1 
281:38 169 -1 -1 -1 -1 -1 
282:509 151 -1 -1 -1 -1 -1 
283:380 355 -1 -1 -1 -1 -1 
284:472 42 -1 -1 -1 -1 -1 
285:401 501 -1 -1 -1 -1 -1 
286:493 463 -1 -1 -1 -1 -1 
287:314 113 -1 -1 -1 -1 -1 
288:82 80 -1 -1 -1 -1 -1 
289:234 270 -1 -1 -1 -1 -1 
290:440 425 -1 -1 -1 -1 -1 
291:120 214 -1 -1 -1 -1 -1 
292:334 354 -1 -1 -1 -1 -1 
293:34 158 -1 -1 -1 -1 -1 
294:482 283 -1 -1 -1 -1 -1 
295:209 59 -1 -1 -1 -1 -1 
296:73 361 -1 -1 -1 -1 -1 
297:415 499 -1 -1 -1 -1 -1 
298:258 224 -1 -1 -1 -1 -1 
299:150 50 -1 -1 -1 -1 -1 
300:278 369 -1 -1 -1 -1 -1 
301:186 382 -1 -1 -1 -1 -1 
302:66 503 -1 -1 -1 -1 -1 
303:330 173 -1 -1 -1 -1 -1 
304:88 12 -1 -1 -1 -1 -1 
305:68 342 -1 -1 -1 -1 -1 
306:483 33 -1 -1 -1 -1 -1 
307:39 133 -1 -1 -1 -1 -1 
308:10 462 -1 -1 -1 -1 -1 
309:252 435 -1 -1 -1 -1 -1 
310:439 102 -1 -1 -1 -1 -1 
311:151 501 -1 -1 -1 -1 -1 
312:504 463 -1 -1 -1 -1 -1 
313:27 371 -1 -1 -1 -1 -1 
314:421 400 -1 -1 -1 -1 -1 
315:188 284 -1 -1 -1 -1 -1 
316:67 44 -1 -1 -1 -1 -1 
317:457 152 -1 -1 -1 -1 -1 
318:40 175 -1 -1 -1 -1 -1 
319:489 126 -1 -1 -1 -1 -1 
320:480 134 -1 -1 -1 -1 -1 
321:421 200 -1 -1 -1 -1 -1 
322:208 403 -1 -1 -1 -1 -1 
323:294 388 -1 -1 -1 -1 -1 
324:281 129 -1 -1 -1 -1 -1 
325:320 460 -1 -1 -1 -1 -1 
326:191 341 -1 -1 -1 -1 -1 
327:432 247 -1 -1 -1 -1 -1 
328:11 70 -1 -1 -1 -1 -1 
329:162 17 -1 -1 -1 -1 -1 
330:301 207 -1 -1 -1 -1 -1 
331:375 393 -1 -1 -1 -1 -1 
332:294 258 -1 -1 -1 -1 -1 
333:196 298 -1 -1 -1 -1 -1 
334:485 287 -1 -1 -1 -1 -1 
335:414 76 -1 -1 -1 -1 -1 
336:432 221 -1 -1 -1 -1 -1 
337:21 76 -1 -1 -1 -1 -1 
338:454 40 -1 -1 -1 -1 -1 
339:254 313 -1 -1 -1 -1 -1 
340:67 36 -1 -1 -1 -1 -1 
341:246 208 -1 -1 -1 -1 -1 
342:323 273 -1 -1 -1 -1 -1 
343:163 427 -1 -1 -1 -1 -1 
344:330 120 -1 -1 -1 -1 -1 
345:61 181 -1 -1 -1 -1 -1 
346:228 196 -1 -1 -1 -1 -1 
347:77 225 -1 -1 -1 -1 -1 
348:392 156 -1 -1 -1 -1 -1 
349:437 284 -1 -1 -1 -1 -1 
350:450 112 -1 -1 -1 -1 -1 
351:241 128 -1 -1 -1 -1 -1 
352:146 82 -1 -1 -1 -1 -1 
353:156 202 -1 -1 -1 -1 -1 
354:15 8 -1 -1 -1 -1 -1 
355:310 270 -1 -1 -1 -1 -1 
356:335 351 -1 -1 -1 -1 -1 
357:36 169 -1 -1 -1 -1 -1 
358:395 194 -1 -1 -1 -1 -1 
359:504 120 -1 -1 -1 -1 -1 
360:127 10 -1 -1 -1 -1 -1 
361:499 71 -1 -1 -1 -1 -1 
362:16 408 -1 -1 -1 -1 -1 
363:200 140 -1 -1 -1 -1 -1 
364:305 417 -1 -1 -1 -1 -1 
365:163 86 -1 -1 -1 -1 -1 
366:7 458 -1 -1 -1 -1 -1 
367:106 384 -1 -1 -1 -1 -1 
368:331 245 -1 -1 -1 -1 -1 
369:67 298 -1 -1 -1 -1 -1 
370:241 346 -1 -1 -1 -1 -1 
371:342 105 -1 -1 -1 -1 -1 
372:7 217 -1 -1 -1 -1 -1 
373:212 318 -1 -1 -1 -1 -1 
374:479 398 -1 -1 -1 -1 -1 
375:56 453 -1 -1 -1 -1 -1 
376:112 167 -1 -1 -1 -1 -1 
377:205 431 -1 -1 -1 -1 -1 
378:506 370 -1 -1 -1 -1 -1 
379:112 498 -1 -1 -1 -1 -1 
380:489 186 -1 -1 -1 -1 -1 
381:407 191 -1 -1 -1 -1 -1 
382:252 84 -1 -1 -1 -1 -1 
383:146 437 -1 -1 -1 -1 -1 
384:166 245 -1 -1 -1 -1 -1 
385:17 84 -1 -1 -1 -1 -1 
386:437 71 -1 -1 -1 -1 -1 
387:231 180 -1 -1 -1 -1 -1 
388:49 315 -1 -1 -1 -1 -1 
389:269 119 -1 -1 -1 -1 -1 
390:135 160 -1 -1 -1 -1 -1 
391:490 508 -1 -1 -1 -1 -1 
392:486 501 -1 -1 -1 -1 -1 
393:465 469 -1 -1 -1 -1 -1 
394:490 123 -1 -1 -1 -1 -1 
395:204 124 -1 -1 -1 -1 -1 
396:376 143 -1 -1 -1 -1 -1 
397:152 65 -1 -1 -1 -1 -1 
398:233 311 -1 -1 -1 -1 -1 
399:496 391 -1 -1 -1 -1 -1 
400:362 507 -1 -1 -1 -1 -1 
401:271 304 -1 -1 -1 -1 -1 
402:418 246 -1 -1 -1 -1 -1 
403:368 342 -1 -1 -1 -1 -1 
404:406 300 -1 -1 -1 -1 -1 
405:216 60 -1 -1 -1 -1 -1 
406:458 286 -1 -1 -1 -1 -1 
407:406 388 -1 -1 -1 -1 -1 
408:425 412 -1 -1 -1 -1 -1 
409:9 418 -1 -1 -1 -1 -1 
410:295 219 -1 -1 -1 -1 -1 
411:356 400 -1 -1 -1 -1 -1 
412:421 455 -1 -1 -1 -1 -1 
413:430 195 -1 -1 -1 -1 -1 
414:21 410 -1 -1 -1 -1 -1 
415:269 351 -1 -1 -1 -1 -1 
416:94 430 -1 -1 -1 -1 -1 
417:67 167 -1 -1 -1 -1 -1 
418:2 399 -1 -1 -1 -1 -1 
419:121 439 -1 -1 -1 -1 -1 
420:510 341 -1 -1 -1 -1 -1 
421:60 117 -1 -1 -1 -1 -1 
422:498 49 -1 -1 -1 -1 -1 
423:453 197 -1 -1 -1 -1 -1 
424:129 325 -1 -1 -1 -1 -1 
425:125 508 -1 -1 -1 -1 -1 
426:251 185 -1 -1 -1 -1 -1 
427:448 152 -1 -1 -1 -1 -1 
428:57 267 -1 -1 -1 -1 -1 
429:225 46 -1 -1 -1 -1 -1 
430:201 166 -1 -1 -1 -1 -1 
431:111 419 -1 -1 -1 -1 -1 
432:76 439 -1 -1 -1 -1 -1 
433:183 415 -1 -1 -1 -1 -1 
434:27 60 -1 -1 -1 -1 -1 
435:394 319 -1 -1 -1 -1 -1 
436:305 93 -1 -1 -1 -1 -1 
437:321 266 -1 -1 -1 -1 -1 
438:325 256 -1 -1 -1 -1 -1 
439:253 39 -1 -1 -1 -1 -1 
440:310 152 -1 -1 -1 -1 -1 
441:52 461 -1 -1 -1 -1 -1 
442:172 61 -1 -1 -1 -1 -1 
443:361 250 -1 -1 -1 -1 -1 
444:253 258 -1 -1 -1 -1 -1 
445:58 104 -1 -1 -1 -1 -1 
446:333 387 -1 -1 -1 -1 -1 
447:160 189 -1 -1 -1 -1 -1 
448:506 445 -1 -1 -1 -1 -1 
449:371 257 -1 -1 -1 -1 -1 
450:311 291 -1 -1 -1 -1 -1 
451:44 342 -1 -1 -1 -1 -1 
452:246 238 -1 -1 -1 -1 -1 
453:495 483 -1 -1 -1 -1 -1 
454:12 180 -1 -1 -1 -1 -1 
455:457 18 -1 -1 -1 -1 -1 
456:143 316 -1 -1 -1 -1 -1 
457:54 507 -1 -1 -1 -1 -1 
458:387 401 -1 -1 -1 -1 -1 
459:486 32 -1 -1 -1 -1 -1 
460:438 85 -1 -1 -1 -1 -1 
461:448 346 -1 -1 -1 -1 -1 
462:489 344 -1 -1 -1 -1 -1 
463:40 275 -1 -1 -1 -1 -1 
464:48 361 -1 -1 -1 -1 -1 
465:381 438 -1 -1 -1 -1 -1 
466:156 108 -1 -1 -1 -1 -1 
467:486 356 -1 -1 -1 -1 -1 
468:278 429 -1 -1 -1 -1 -1 
469:79 233 -1 -1 -1 -1 -1 
470:415 116 -1 -1 -1 -1 -1 
471:174 238 -1 -1 -1 -1 -1 
472:218 395 -1 -1 -1 -1 -1 
473:367 200 -1 -1 -1 -1 -1 
474:218 191 -1 -1 -1 -1 -1 
475:368 47 -1 -1 -1 -1 -1 
476:427 380 -1 -1 -1 -1 -1 
477:236 229 -1 -1 -1 -1 -1 
478:333 397 -1 -1 -1 -1 -1 
479:271 440 -1 -1 -1 -1 -1 
480:99 479 -1 -1 -1 -1 -1 
481:165 402 -1 -1 -1 -1 -1 
482:64 65 -1 -1 -1 -1 -1 
483:209 346 -1 -1 -1 -1 -1 
484:324 104 -1 -1 -1 -1 -1 
485:2 277 -1 -1 -1 -1 -1 
486:361 54 -1 -1 -1 -1 -1 
487:291 81 -1 -1 -1 -1 -1 
488:281 316 -1 -1 -1 -1 -1 
489:274 451 -1 -1 -1 -1 -1 
490:67 381 -1 -1 -1 -1 -1 
491:84 47 -1 -1 -1 -1 -1 
492:429 372 -1 -1 -1 -1 -1 
493:263 136 -1 -1 -1 -1 -1 
494:140 345 -1 -1 -1 -1 -1 
495:279 345 -1 -1 -1 -1 -1 
496:82 417 -1 -1 -1 -1 -1 
497:181 355 -1 -1 -1 -1 -1 
498:199 196 -1 -1 -1 -1 -1 
499:261 391 -1 -1 -1 -1 -1 
500:91 66 -1 -1 -1 -1 -1 
501:279 487 -1 -1 -1 -1 -1 
502:186 232 -1 -1 -1 -1 -1 
503:281 73 -1 -1 -1 -1 -1 
504:418 79 -1 -1 -1 -1 -1 
505:459 444 -1 -1 -1 -1 -1 
506:497 423 -1 -1 -1 -1 -1 
507:51 381 -1 -1 -1 -1 -1 
508:259 434 -1 -1 -1 -1 -1 
509:401 283 -1 -1 -1 -1 -1 
510:58 19 -1 -1 -1 -1 -1 
511:405 474 -1 -1 -1 -1 -1 
512:222 457 -1 -1 -1 -1 -1 
513:208 341 -1 -1 -1 -1 -1 
514:40 247 -1 -1 -1 -1 -1 
515:360 409 -1 -1 -1 -1 -1 
516:486 17 -1 -1 -1 -1 -1 
517:333 400 -1 -1 -1 -1 -1 
518:332 312 -1 -1 -1 -1 -1 
519:5 28 -1 -1 -1 -1 -1 
520:463 129 -1 -1 -1 -1 -1 
521:506 15 -1 -1 -1 -1 -1 
522:197 116 -1 -1 -1 -1 -1 
523:482 84 -1 -1 -1 -1 -1 
524:62 116 -1 -1 -1 -1 -1 
525:230 386 -1 -1 -1 -1 -1 
526:68 240 -1 -1 -1 -1 -1 
527:4 432 -1 -1 -1 -1 -1 
528:353 477 -1 -1 -1 -1 -1 
529:178 140 -1 -1 -1 -1 -1 
530:98 355 -1 -1 -1 -1 -1 
531:196 423 -1 -1 -1 -1 -1 
532:347 214 -1 -1 -1 -1 -1 
533:399 275 -1 -1 -1 -1 -1 
534:491 489 -1 -1 -1 -1 -1 
535:79 48 -1 -1 -1 -1 -1 
536:193 30 -1 -1 -1 -1 -1 
537:454 195 -1 -1 -1 -1 -1 
538:95 129 -1 -1 -1 -1 -1 
539:294 72 -1 -1 -1 -1 -1 
540:286 406 -1 -1 -1 -1 -1 
541:49 394 -1 -1 -1 -1 -1 
542:115 400 -1 -1 -1 -1 -1 
543:159 112 -1 -1 -1 -1 -1 
544:368 195 -1 -1 -1 -1 -1 
545:192 26 -1 -1 -1 -1 -1 
546:142 92 354 -1 -1 -1 -1 
547:300 169 336 -1 -1 -1 -1 
548:245 106 332 -1 -1 -1 -1 
549:402 493 390 -1 -1 -1 -1 
550:47 393 104 -1 -1 -1 -1 
551:53 510 449 -1 -1 -1 -1 
552:273 392 92 -1 -1 -1 -1 
553:225 324 378 -1 -1 -1 -1 
554:296 477 115 -1 -1 -1 -1 
555:198 255 108 -1 -1 -1 -1 
556:200 251 258 -1 -1 -1 -1 
557:445 267 209 -1 -1 -1 -1 
558:473 357 455 -1 -1 -1 -1 
559:190 504 157 -1 -1 -1 -1 
560:424 453 288 -1 -1 -1 -1 
561:426 296 143 -1 -1 -1 -1 
562:297 412 362 -1 -1 -1 -1 
563:188 0 59 -1 -1 -1 -1 
564:102 123 236 -1 -1 -1 -1 
565:63 71 88 -1 -1 -1 -1 
566:277 447 17 -1 -1 -1 -1 
567:326 236 391 -1 -1 -1 -1 
568:318 242 255 -1 -1 -1 -1 
569:76 310 117 -1 -1 -1 -1 
570:368 72 149 -1 -1 -1 -1 
571:157 333 502 -1 -1 -1 -1 
572:378 507 140 -1 -1 -1 -1 
573:16 398 481 -1 -1 -1 -1 
574:437 69 286 -1 -1 -1 -1 
575:228 209 186 -1 -1 -1 -1 
576:420 485 340 -1 -1 -1 -1 
577:227 339 158 -1 -1 -1 -1 
578:282 508 5 -1 -1 -1 -1 
579:205 251 333 -1 -1 -1 -1 
580:117 149 416 -1 -1 -1 -1 
581:429 430 33 -1 -1 -1 -1 
582:148 69 195 -1 -1 -1 -1 
583:138 414 150 -1 -1 -1 -1 
584:193 507 446 -1 -1 -1 -1 
585:226 275 471 -1 -1 -1 -1 
586:246 259 394 -1 -1 -1 -1 
587:285 352 88 -1 -1 -1 -1 
588:24 270 256 -1 -1 -1 -1 
589:95 402 308 -1 -1 -1 -1 
590:263 18 343 -1 -1 -1 -1 
591:139 344 353 -1 -1 -1 -1 
592:234 145 325 -1 -1 -1 -1 
593:223 224 157 -1 -1 -1 -1 
594:409 444 253 -1 -1 -1 -1 
595:369 476 499 -1 -1 -1 -1 
596:410 274 210 -1 -1 -1 -1 
597:196 73 216 -1 -1 -1 -1 
598:69 357 444 -1 -1 -1 -1 
599:449 4 501 -1 -1 -1 -1 
600:227 266 44 -1 -1 -1 -1 
601:177 341 257 -1 -1 -1 -1 
602:166 362 241 -1 -1 -1 -1 
603:21 497 311 -1 -1 -1 -1 
604:197 47 290 -1 -1 -1 -1 
605:103 303 69 -1 -1 -1 -1 
606:297 185 321 -1 -1 -1 -1 
607:44 341 464 -1 -1 -1 -1 
608:362 173 283 -1 -1 -1 -1 
609:481 339 476 -1 -1 -1 -1 
610:275 175 264 -1 -1 -1 -1 
611:421 323 185 -1 -1 -1 -1 
612:344 160 177 -1 -1 -1 -1 
613:382 327 466 -1 -1 -1 -1 
614:305 1 252 -1 -1 -1 -1 
615:312 170 216 -1 -1 -1 -1 
616:496 44 413 -1 -1 -1 -1 
617:210 202 392 -1 -1 -1 -1 
618:269 53 197 -1 -1 -1 -1 
619:360 308 165 -1 -1 -1 -1 
620:6 50 117 -1 -1 -1 -1 
621:72 212 146 -1 -1 -1 -1 
622:40 296 77 -1 -1 -1 -1 
623:31 473 111 -1 -1 -1 -1 
624:54 91 429 -1 -1 -1 -1 
625:483 109 65 -1 -1 -1 -1 
626:413 365 261 -1 -1 -1 -1 
627:275 151 113 -1 -1 -1 -1 
628:356 498 328 -1 -1 -1 -1 
629:183 197 378 -1 -1 -1 -1 
630:232 363 303 -1 -1 -1 -1 
631:237 456 360 -1 -1 -1 -1 
632:163 141 42 -1 -1 -1 -1 
633:182 154 329 -1 -1 -1 -1 
634:336 431 412 -1 -1 -1 -1 
635:234 299 408 -1 -1 -1 -1 
636:435 114 373 -1 -1 -1 -1 
637:346 206 312 -1 -1 -1 -1 
638:282 445 488 -1 -1 -1 -1 
639:94 141 510 -1 -1 -1 -1 
640:410 297 317 -1 -1 -1 -1 
641:416 390 335 -1 -1 -1 -1 
642:225 267 279 -1 -1 -1 -1 
643:132 510 258 -1 -1 -1 -1 
644:396 346 281 -1 -1 -1 -1 
645:19 372 407 -1 -1 -1 -1 
646:203 261 201 -1 -1 -1 -1 
647:88 139 257 -1 -1 -1 -1 
648:352 45 116 -1 -1 -1 -1 
649:70 205 370 -1 -1 -1 -1 
650:73 287 385 -1 -1 -1 -1 
651:221 438 274 -1 -1 -1 -1 
652:309 83 472 -1 -1 -1 -1 
653:91 140 0 -1 -1 -1 -1 
654:0 409 499 -1 -1 -1 -1 
655:422 436 454 -1 -1 -1 -1 
656:460 53 503 -1 -1 -1 -1 
657:108 461 413 -1 -1 -1 -1 
658:459 22 418 -1 -1 -1 -1 
659:224 499 261 -1 -1 -1 -1 
660:218 107 509 -1 -1 -1 -1 
661:37 0 166 -1 -1 -1 -1 
662:128 64 264 -1 -1 -1 -1 
663:202 163 368 -1 -1 -1 -1 
664:238 499 222 -1 -1 -1 -1 
665:218 153 118 -1 -1 -1 -1 
666:473 153 261 -1 -1 -1 -1 
667:372 386 505 -1 -1 -1 -1 
668:161 175 481 -1 -1 -1 -1 
669:486 502 157 -1 -1 -1 -1 
670:147 420 394 -1 -1 -1 -1 
671:187 491 448 -1 -1 -1 -1 
672:260 36 109 -1 -1 -1 -1 
673:326 400 98 -1 -1 -1 -1 
674:72 308 389 -1 -1 -1 -1 
675:132 33 47 -1 -1 -1 -1 
676:326 274 117 -1 -1 -1 -1 
677:358 123 499 -1 -1 -1 -1 
678:19 15 311 -1 -1 -1 -1 
679:472 344 420 -1 -1 -1 -1 
680:396 474 393 -1 -1 -1 -1 
681:165 267 27 -1 -1 -1 -1 
682:470 211 126 -1 -1 -1 -1 
683:4 141 405 -1 -1 -1 -1 
684:196 465 142 -1 -1 -1 -1 
685:411 476 336 -1 -1 -1 -1 
686:255 449 63 -1 -1 -1 -1 
687:485 320 310 -1 -1 -1 -1 
688:115 466 289 -1 -1 -1 -1 
689:357 221 181 -1 -1 -1 -1 
690:339 471 338 -1 -1 -1 -1 
691:29 2 147 -1 -1 -1 -1 
692:80 438 221 -1 -1 -1 -1 
693:461 125 479 -1 -1 -1 -1 
694:407 69 101 -1 -1 -1 -1 
695:118 34 177 -1 -1 -1 -1 
696:467 137 390 -1 -1 -1 -1 
697:228 190 131 -1 -1 -1 -1 
698:424 397 468 -1 -1 -1 -1 
699:328 386 193 -1 -1 -1 -1 
700:45 419 131 -1 -1 -1 -1 
701:200 315 73 -1 -1 -1 -1 
702:349 279 501 -1 -1 -1 -1 
703:105 81 382 -1 -1 -1 -1 
704:309 132 173 -1 -1 -1 -1 
705:419 351 383 -1 -1 -1 -1 
706:403 175 324 -1 -1 -1 -1 
707:503 507 327 -1 -1 -1 -1 
708:70 468 507 -1 -1 -1 -1 
709:446 444 33 -1 -1 -1 -1 
710:327 137 408 -1 -1 -1 -1 
711:283 244 243 -1 -1 -1 -1 
712:71 135 129 -1 -1 -1 -1 
713:18 472 23 -1 -1 -1 -1 
714:505 97 307 -1 -1 -1 -1 
715:16 303 414 -1 -1 -1 -1 
716:27 439 96 -1 -1 -1 -1 
717:476 304 334 -1 -1 -1 -1 
718:83 21 398 -1 -1 -1 -1 
719:28 349 271 -1 -1 -1 -1 
720:266 403 380 -1 -1 -1 -1 
721:100 45 221 -1 -1 -1 -1 
722:357 5 296 -1 -1 -1 -1 
723:423 422 424 -1 -1 -1 -1 
724:84 41 331 -1 -1 -1 -1 
725:374 497 123 -1 -1 -1 -1 
726:29 487 354 -1 -1 -1 -1 
727:391 494 117 -1 -1 -1 -1 
728:216 62 271 -1 -1 -1 -1 
729:382 443 469 -1 -1 -1 -1 
730:199 291 425 -1 -1 -1 -1 
731:438 357 198 -1 -1 -1 -1 
732:395 425 423 -1 -1 -1 -1 
733:394 249 117 -1 -1 -1 -1 
734:488 318 429 -1 -1 -1 -1 
735:427 123 416 -1 -1 -1 -1 
736:421 172 2 -1 -1 -1 -1 
737:428 218 317 -1 -1 -1 -1 
738:255 233 460 -1 -1 -1 -1 
739:175 269 468 -1 -1 -1 -1 
740:272 280 124 -1 -1 -1 -1 
741:458 416 82 -1 -1 -1 -1 
742:330 39 373 -1 -1 -1 -1 
743:71 78 176 -1 -1 -1 -1 
744:88 108 183 -1 -1 -1 -1 
745:302 245 140 -1 -1 -1 -1 
746:437 92 49 -1 -1 -1 -1 
747:199 118 3 -1 -1 -1 -1 
748:189 218 84 -1 -1 -1 -1 
749:100 235 161 -1 -1 -1 -1 
750:333 214 193 -1 -1 -1 -1 
751:474 179 432 -1 -1 -1 -1 
752:77 299 36 -1 -1 -1 -1 
753:55 103 189 -1 -1 -1 -1 
754:254 157 13 -1 -1 -1 -1 
755:139 404 26 -1 -1 -1 -1 
756:17 66 351 -1 -1 -1 -1 
757:296 479 306 -1 -1 -1 -1 
758:450 425 414 -1 -1 -1 -1 
759:374 184 192 -1 -1 -1 -1 
760:177 111 370 -1 -1 -1 -1 
761:229 388 369 -1 -1 -1 -1 
762:66 57 133 -1 -1 -1 -1 
763:187 439 278 -1 -1 -1 -1 
764:173 266 235 -1 -1 -1 -1 
765:464 309 440 -1 -1 -1 -1 
766:327 451 395 -1 -1 -1 -1 
767:113 307 509 -1 -1 -1 -1 
768:30 305 15 -1 -1 -1 -1 
769:206 173 242 -1 -1 -1 -1 
770:347 240 420 -1 -1 -1 -1 
771:414 29 326 -1 -1 -1 -1 
772:12 104 246 -1 -1 -1 -1 
773:345 314 236 -1 -1 -1 -1 
774:134 410 235 -1 -1 -1 -1 
775:191 413 226 -1 -1 -1 -1 
776:162 246 345 -1 -1 -1 -1 
777:250 290 152 -1 -1 -1 -1 
778:314 183 194 -1 -1 -1 -1 
779:266 298 337 -1 -1 -1 -1 
780:249 152 293 -1 -1 -1 -1 
781:433 33 133 -1 -1 -1 -1 
782:189 150 458 -1 -1 -1 -1 
783:98 175 375 -1 -1 -1 -1 
784:68 481 172 -1 -1 -1 -1 
785:90 83 458 -1 -1 -1 -1 
786:492 292 360 -1 -1 -1 -1 
787:38 62 47 -1 -1 -1 -1 
788:30 443 153 -1 -1 -1 -1 
789:271 496 50 -1 -1 -1 -1 
790:433 401 324 -1 -1 -1 -1 
791:228 455 11 -1 -1 -1 -1 
792:490 504 440 -1 -1 -1 -1 
793:495 347 402 -1 -1 -1 -1 
794:159 62 328 -1 -1 -1 -1 
795:359 131 305 -1 -1 -1 -1 
796:470 463 90 -1 -1 -1 -1 
797:274 108 205 -1 -1 -1 -1 
798:202 34 32 -1 -1 -1 -1 
799:74 206 492 -1 -1 -1 -1 
800:389 480 462 -1 -1 -1 -1 
801:211 389 410 -1 -1 -1 -1 
802:143 208 94 -1 -1 -1 -1 
803:406 55 420 -1 -1 -1 -1 
804:223 90 339 -1 -1 -1 -1 
805:227 26 236 -1 -1 -1 -1 
806:323 328 462 -1 -1 -1 -1 
807:362 60 325 -1 -1 -1 -1 
808:93 104 130 -1 -1 -1 -1 
809:243 272 456 -1 -1 -1 -1 
810:268 71 371 -1 -1 -1 -1 
811:498 107 198 -1 -1 -1 -1 
812:406 291 171 -1 -1 -1 -1 
813:250 163 203 -1 -1 -1 -1 
814:356 255 106 -1 -1 -1 -1 
815:34 256 136 -1 -1 -1 -1 
816:248 66 384 -1 -1 -1 -1 
817:419 23 214 -1 -1 -1 -1 
818:57 352 360 -1 -1 -1 -1 
819:135 121 484 -1 -1 -1 -1 
820:80 365 185 -1 -1 -1 -1 
821:370 322 360 -1 -1 -1 -1 
822:162 161 395 -1 -1 -1 -1 
823:74 385 227 -1 -1 -1 -1 
824:411 334 340 -1 -1 -1 -1 
825:467 208 478 -1 -1 -1 -1 
826:87 42 454 -1 -1 -1 -1 
827:90 308 311 -1 -1 -1 -1 
828:42 308 390 -1 -1 -1 -1 
829:138 450 191 -1 -1 -1 -1 
830:397 195 367 -1 -1 -1 -1 
831:244 120 416 -1 -1 -1 -1 
832:315 165 358 -1 -1 -1 -1 
833:280 277 282 -1 -1 -1 -1 
834:196 0 19 -1 -1 -1 -1 
835:251 220 30 -1 -1 -1 -1 
836:405 429 351 -1 -1 -1 -1 
837:10 437 226 -1 -1 -1 -1 
838:321 284 146 -1 -1 -1 -1 
839:331 323 165 -1 -1 -1 -1 
840:399 210 368 -1 -1 -1 -1 
841:273 434 374 -1 -1 -1 -1 
842:163 353 330 -1 -1 -1 -1 
843:86 329 219 -1 -1 -1 -1 
844:213 267 288 -1 -1 -1 -1 
845:315 446 176 -1 -1 -1 -1 
846:107 242 487 -1 -1 -1 -1 
847:97 21 510 -1 -1 -1 -1 
848:482 333 145 -1 -1 -1 -1 
849:160 495 186 -1 -1 -1 -1 
850:159 210 137 -1 -1 -1 -1 
851:162 12 89 -1 -1 -1 -1 
852:194 369 510 -1 -1 -1 -1 
853:148 78 30 356 101 21 -1 
854:347 314 116 244 375 331 -1 
855:244 318 131 123 176 43 -1 
856:263 36 236 104 312 201 -1 
857:203 278 493 50 309 40 -1 
858:264 42 175 468 425 353 -1 
859:109 94 63 171 153 370 -1 
860:424 227 139 184 306 420 -1 
861:321 229 144 447 15 375 -1 
862:103 400 469 183 49 467 -1 
863:363 279 233 101 201 1 -1 
864:423 348 382 393 386 251 -1 
865:343 286 424 284 378 97 -1 
866:72 414 59 244 460 141 -1 
867:434 83 452 239 389 174 -1 
868:485 478 5 118 237 212 -1 
869:69 407 239 402 307 484 -1 
870:130 254 501 62 78 134 -1 
871:328 144 133 496 445 88 -1 
872:500 133 347 412 182 453 -1 
873:505 158 337 127 401 312 -1 
874:410 160 124 464 11 485 -1 
875:291 254 83 72 59 476 -1 
876:444 71 133 400 411 422 -1 
877:498 203 29 25 283 506 -1 
878:272 458 22 120 374 62 -1 
879:17 453 52 301 181 174 -1 
880:324 373 184 431 10 41 -1 
881:107 387 275 407 65 85 -1 
882:91 434 260 441 398 101 -1 
883:74 272 80 265 484 239 -1 
884:237 456 485 260 470 498 -1 
885:232 329 462 70 299 114 -1 
886:362 8 461 270 334 378 -1 
887:351 229 354 171 190 45 -1 
888:23 141 207 459 386 135 -1 
889:426 39 403 247 18 281 -1 
890:110 203 74 31 308 106 -1 
891:215 278 180 504 64 477 -1 
892:405 240 329 171 231 374 -1 
893:178 55 61 495 10 338 -1 
894:286 385 238 280 190 321 -1 
895:106 34 19 227 190 442 -1 
896:83 276 164 279 6 64 -1 
897:353 269 345 431 156 441 -1 
898:66 465 242 81 387 174 -1 
899:369 446 106 157 144 390 -1 
900:230 386 45 441 350 192 -1 
901:25 66 187 199 409 305 -1 
902:16 215 61 171 304 292 -1 
903:500 344 233 235 454 475 -1 
904:223 128 68 240 270 331 -1 
905:12 142 293 443 249 396 -1 
906:206 259 134 373 180 85 -1 
907:263 288 375 253 377 151 -1 
908:330 207 186 276 222 194 -1 
909:418 467 13 222 477 7 -1 
910:36 182 369 91 254 227 -1 
911:504 470 46 262 38 121 -1 
912:91 89 226 363 330 459 -1 
913:187 128 424 122 182 90 -1 
914:277 483 167 62 385 145 -1 
915:10 22 313 491 434 54 -1 
916:204 405 248 448 336 282 -1 
917:444 387 27 164 158 440 -1 
918:352 403 455 185 59 207 -1 
919:219 148 63 339 126 138 -1 
920:159 228 250 182 388 478 -1 
921:256 295 448 55 2 317 -1 
922:291 93 320 91 37 6 -1 
923:500 477 54 484 295 146 -1 
924:387 195 154 61 338 456 -1 
925:49 13 474 371 476 116 -1 
926:2 59 3 421 479 25 -1 
927:509 331 102 50 68 204 -1 
928:336 127 493 32 453 502 -1 
929:317 449 379 405 23 206 -1 
930:482 290 359 161 459 417 -1 
931:86 232 451 239 317 78 -1 
932:215 294 410 263 146 81 -1 
933:380 450 461 132 389 320 -1 
934:467 480 93 304 325 434 -1 
935:212 486 250 467 57 164 -1 
936:314 109 465 142 204 288 -1 
937:136 468 179 213 28 353 -1 
938:138 13 289 55 113 511 -1 
939:169 348 239 3 75 25 -1 
940:299 306 120 476 249 185 -1 
941:11 5 330 3 105 222 -1 
942:443 445 337 378 480 135 -1 
943:323 189 367 358 89 154 -1 
944:56 205 239 78 189 456 -1 
945:203 96 500 177 241 184 -1 
946:472 121 207 222 488 468 -1 
947:367 251 347 85 355 57 -1 
948:492 419 204 38 258 162 -1 
949:364 321 406 454 411 286 -1 
950:363 20 302 335 141 33 -1 
951:421 264 432 248 381 190 -1 
952:60 490 211 405 307 180 -1 
953:500 383 162 182 106 132 -1 
954:248 204 12 136 349 193 -1 
955:98 260 111 176 220 508 -1 
956:161 466 336 81 207 256 -1 
957:217 58 320 212 276 142 -1 
958:340 488 54 335 102 224 -1 
959:285 121 46 35 237 306 -1 
960:85 5 224 254 120 240 -1 
961:202 313 182 378 28 451 -1 
962:406 372 199 309 277 22 -1 
963:392 435 174 299 376 304 -1 
964:97 309 306 192 184 349 -1 
965:6 248 475 132 173 47 -1 
966:100 250 363 87 46 216 -1 
967:385 407 408 411 506 74 -1 
968:59 310 156 470 149 256 -1 
969:458 467 61 155 376 53 -1 
970:383 1 327 320 280 61 -1 
971:245 10 1 251 86 345 -1 
972:433 242 14 413 334 428 -1 
973:494 32 460 287 222 426 -1 
974:142 273 328 93 415 318 -1 
975:371 122 114 119 312 310 -1 
976:25 451 365 340 174 101 -1 
977:124 238 38 198 57 173 -1 
978:70 155 114 124 367 465 -1 
979:172 76 113 350 134 137 -1 
980:318 148 292 232 367 454 -1 
981:462 381 74 345 385 398 -1 
982:325 57 7 459 355 225 -1 
983:80 267 276 269 409 126 -1 
984:98 114 187 144 147 169 -1 
985:381 487 353 397 156 129 -1 
986:192 265 446 332 268 358 -1 
987:397 315 129 107 208 39 -1 
988:446 139 87 294 39 511 60 
989:158 384 22 480 323 502 312 
990:1 229 302 465 216 110 90 
991:169 494 51 478 366 81 96 
992:447 495 426 469 31 111 422 
993:419 89 145 376 299 277 60 
994:480 50 373 322 235 178 253 
995:267 311 393 383 137 409 295 
996:35 397 469 462 100 285 213 
997:48 11 105 115 22 86 500 
998:243 431 194 96 297 110 288 
999:178 367 154 263 9 301 238 
1000:231 110 419 25 163 93 97 
1001:488 307 509 511 72 45 455 
1002:76 319 276 193 495 234 118 
1003:58 147 286 108 188 503 96 
1004:249 124 448 366 339 231 471 
1005:433 327 8 473 206 396 211 
1006:329 181 249 452 276 191 219 
1007:184 363 8 371 377 215 455 
1008:215 132 413 352 503 448 198 
1009:494 167 229 450 492 46 149 
1010:198 37 98 415 39 179 169 
1011:294 373 289 138 492 349 29 
1012:164 23 331 85 114 11 31 
1013:56 7 471 488 232 20 124 
1014:290 97 319 494 430 102 386 
1015:396 432 398 107 176 105 411 
1016:297 466 449 170 473 377 110 
1017:199 55 302 404 232 248 293 
1018:277 245 492 119 1 138 50 
1019:482 399 105 495 433 48 292 
1020:149 135 324 41 86 295 243 
1021:56 418 38 313 265 118 380 
1022:87 484 384 7 80 143 172 
1023:81 131 447 189 427 403 100 
